IMG_20221126_171055.jpg 0.755733083110821 0.633014665153645 -0.10318368256534635 0.1323369504125179 660195.0117353273 -541020.8384160518 -3046401.3465382024
IMG_20221126_171100.jpg 0.7826528504596341 0.5719117096809286 -0.14192609174465326 0.20057042772885403 1143021.7619796044 -893455.2084929403 -2811470.648415078
IMG_20221126_171102.jpg 0.8122726971951023 0.5319229615475345 -0.14004729957777784 0.1940561317012856 1102723.1892576874 -1192509.4059264918 -2714967.572415182
IMG_20221126_171108.jpg 0.7716589136723646 0.5599915058018459 -0.17654401048864982 0.24450817315654644 1477521.2199603673 -866604.7433189177 -2659901.632029583
IMG_20221126_171110.jpg 0.7613276045556938 0.5607697463811179 -0.21876264479120325 0.24095741393263642 1606137.1616104734 -848713.8156861679 -2590205.376982555
IMG_20221126_171151.jpg 0.8497556852200314 0.20277517700357658 -0.4484188340836997 0.18899220160212482 1368186.4027396706 -2711785.7962625353 -885140.938695196
IMG_20221126_171154.jpg 0.7403017206497695 0.494236743529443 -0.2638872940450364 0.37154663205308586 2311186.2837009267 -854339.4231496863 -1984362.2812529102
IMG_20221126_171156.jpg 0.7701136663317831 0.43445978320275275 -0.24630856046513486 0.39686487719377345 2364534.82734807 -1123870.4236345363 -1776249.5435542786
IMG_20221126_171201.jpg 0.6435676545620511 0.6879334515505732 -0.19061940619221313 0.27610230390589596 1628399.0104706932 273392.1037905394 -2698648.82417629
IMG_20221126_171203.jpg 0.7094551938155658 0.4502470818565892 -0.3081901454701709 0.44606022853737953 2692420.0878065997 -759181.5359252428 -1477729.1623261569
IMG_20221126_171205.jpg 0.7339632597502952 0.4328878317768882 -0.27116407848852414 0.4476338916723071 2618064.2501253234 -873354.6126657808 -1546657.7246755292
IMG_20221126_171210.jpg 0.6485773134481664 0.45047929334119197 -0.3517539323456045 0.5026778748170471 2942063.7374326405 -412610.3001960159 -1087741.1145760857
IMG_20221126_171213.jpg 0.7279253468815098 0.4337630670322796 -0.2978533244340223 0.4396108371841905 2645052.207202166 -896985.8696091752 -1486025.3425552042
IMG_20221126_171215.jpg 0.7517846787062675 0.41012618300770814 -0.27106467871775874 0.4394772472218336 2584818.9630197226 -1045659.0700154341 -1494811.66807924
IMG_20221126_171219.jpg 0.654825619054275 0.5576490630825499 -0.337659006005802 0.3823837427722486 2561674.155981867 -318350.7600249894 -1829105.0963976546
IMG_20221126_171221.jpg 0.8146934260986597 0.36951565068905584 -0.18455208445288135 0.40702989262653444 2269166.489804671 -1452149.7222205203 -1658700.012676917
IMG_20221126_171223.jpg 0.7521109868618902 0.4206361469325133 -0.25289955776311573 0.43981372081669257 2549848.501012464 -993149.8504619878 -1587788.9129165793
IMG_20221126_171229.jpg 0.6692155248912829 0.5193219833295044 -0.3304677509895911 0.4162286924649434 2651483.384158507 -443648.60119346925 -1667917.1015434032
IMG_20221126_171231.jpg 0.7272471007969739 0.42994032919657066 -0.29187868341291484 0.4484080751747053 2663494.3468050538 -876522.7805752788 -1465142.5667528806
IMG_20221126_171232.jpg 0.756276676294186 0.3915764021793474 -0.25391219100997314 0.4585216564200777 2620368.0511089847 -1054160.2127350038 -1425326.1442186672
IMG_20221126_171237.jpg 0.6669416925027309 0.5140966988874829 -0.32996677773412103 0.426632498277319 2683389.3178721047 -428884.2773197829 -1620064.3692540533
IMG_20221126_171239.jpg 0.7118267543314014 0.4479784178689513 -0.2967039172104226 0.45231050668058165 2689225.336671264 -745810.7075422324 -1490289.19041803
IMG_20221126_171241.jpg 0.7467935746365697 0.3926802162880323 -0.26116897840247993 0.46892682727449486 2672203.6141625955 -988389.0071398047 -1375333.8837274197
IMG_20221126_171245.jpg 0.7139310476370206 0.5513847878455709 -0.2702754617921739 0.33649435315533616 2192242.6575634014 -592306.2372526214 -2202808.612263693
IMG_20221126_171247.jpg 0.7673475358769873 0.494199539110092 -0.22398775631391124 0.3417221967451753 2074181.233628258 -993606.2013716771 -2172473.110796115
IMG_20221126_171252.jpg 0.8027167242551074 0.41246249463683177 -0.18140758971152934 0.39065565081560705 2186301.007948097 -1303614.6924005507 -1878774.7047108435
IMG_20221126_171257.jpg 0.7009560456316144 0.5514228215537801 -0.2644611088874012 0.36695206205743597 2293433.435307097 -473708.81152200006 -2127175.1130464454
IMG_20221126_171300.jpg 0.8232413166483377 0.40745568489485967 -0.17581600551205515 0.3540371895941963 2003993.4658074235 -1485390.738965092 -1945953.0325413065
IMG_20221126_171302.jpg 0.7718405526264491 0.43204368500448415 -0.20975860759806603 0.41665542371072545 2361392.407486226 -1061836.827715172 -1818086.5662357262
IMG_20221126_171307.jpg 0.7242576074132738 0.5340268029815793 -0.2547729259470175 0.35405797266220274 2215673.000811775 -657770.2670840914 -2160377.712142804
IMG_20221126_171310.jpg 0.7685512726914979 0.4845192047670468 -0.21947691060408578 0.3555277305188356 2122129.187401575 -1004956.3794367514 -2120313.8081103247
IMG_20221126_171312.jpg 0.7962798582586584 0.44998433024137874 -0.18987460556605648 0.356931539696233 2050943.8599991754 -1226750.057530273 -2073116.631728038
IMG_20221126_171317.jpg 0.7613117381282266 0.5590472802001868 -0.20217562635901923 0.2588350671668942 1632522.199159168 -823343.2429589164 -2581872.2858037096
IMG_20221126_171319.jpg 0.7841528941956522 0.5233530923818228 -0.17586634316120686 0.2833316229475109 1661146.8136006265 -1019372.9181012496 -2492098.8188904
IMG_20221126_171322.jpg 0.8175156921647381 0.4730234109037895 -0.15084430419819822 0.2918269036472053 1631591.2801387527 -1333134.7731412586 -2360031.479735575
IMG_20221126_171328.jpg 0.762612807924613 0.5938750449052588 -0.1555237236698788 0.2038296043364877 1207927.3609240022 -714287.4248075507 -2835451.0029331483
IMG_20221126_171331.jpg 0.8145502163574373 0.5168243272757544 -0.13693627655402293 0.22505336240886697 1250306.523240561 -1233888.1746045903 -2631222.6383154816
IMG_20221126_171333.jpg 0.8372598204249352 0.4724412184204605 -0.13954667744698201 0.23732259279913562 1321573.2849288501 -1490053.0427066637 -2458101.9946586285
IMG_20221126_171338.jpg 0.7801426647536673 0.5900802193686502 -0.12472503121294684 0.16621198491631875 910334.7942436791 -824250.6807239682 -2915643.498573466
IMG_20221126_171340.jpg 0.8090056904399257 0.5451435672177011 -0.12708014778367369 0.179384837698894 984332.7479135697 -1131690.5876760052 -2785577.472575164
IMG_20221126_171343.jpg 0.8471423738894472 0.48383452677872596 -0.1070487988345036 0.19181893474276285 983592.135053767 -1526577.7390684537 -2590594.977565673
IMG_20221126_171348.jpg 0.776734191727538 0.6186321935515092 -0.06501015563162317 0.09875162868413027 345006.38341256924 -704158.2795623791 -3064995.446986307
IMG_20221126_171350.jpg 0.8202979638097609 0.5599407722682002 -0.05767156189253212 0.1012500521981502 334811.10945855756 -1146613.8448811017 -2929546.7281392207
IMG_20221126_171352.jpg 0.852733665362583 0.5080781767749705 -0.052108770500664515 0.10948305019145743 363875.8513129344 -1496289.3873434681 -2763653.031826895
IMG_20221126_171357.jpg 0.765216535092562 0.6368078341225539 -0.0435500437647981 0.08380232997452641 183656.9110447918 -577990.2758981797 -3105037.224953284
IMG_20221126_171358.jpg 0.8108627445707542 0.5764275584770835 -0.059249025860454045 0.08199043986904636 239791.96657943504 -1036423.3480302322 -2979494.10948944
IMG_20221126_171401.jpg 0.8389857776990375 0.5357874661260512 -0.047178205344175696 0.08251589484135262 200365.86029325658 -1328887.8450298747 -2864082.5461213524
IMG_20221126_171406.jpg 0.763974666998762 0.6400048336338431 -0.057995130013876635 0.058078274803243464 116807.20313045828 -551961.6781045739 -3112996.4604522097
IMG_20221126_171408.jpg 0.8174229457067909 0.5684081363823056 -0.062152790991256375 0.06977785392532858 186685.43179357788 -1097184.793048281 -2961483.8746666904
IMG_20221126_171410.jpg 0.8509780722269963 0.5173548847272798 -0.04847510164189103 0.07635711072621992 171749.8400743927 -1453629.7875264073 -2804730.800345209
IMG_20221126_171415.jpg 0.7694599508698539 0.6275697552212371 -0.07917564462624803 0.08842399921365564 350148.88289021485 -631871.1938873399 -3080127.2921745754
IMG_20221126_171417.jpg 0.8143677748088708 0.5702558853971953 -0.06920210077051708 0.08261005853802496 279195.0547373411 -1076587.3124301194 -2961766.054834578
IMG_20221126_171419.jpg 0.8387240687545091 0.5341843425042891 -0.06606836468523974 0.08260748091402058 265296.29179995967 -1331589.5879455195 -2857540.1674795826
IMG_20221126_171423.jpg 0.7544124264346964 0.6472153862952277 -0.08390165881155742 0.07024703717810331 282996.98498876486 -477054.00336299115 -3114703.6248277705
IMG_20221126_171426.jpg -0.008239215633898697 -0.057833410725356554 -0.6605643951382173 0.7484932142680333 118860.40158360258 373527.8259890784 3139398.753530703
IMG_20221126_171427.jpg 0.8311759635244466 0.5419252440951446 -0.08810393540341686 0.08775673215233476 369829.8033773937 -1266759.9997346066 -2875341.6438179216
IMG_20221126_171432.jpg 0.7586679518055283 0.6508334013479039 -0.02228402527687549 0.018499859744938132 -220256.81530068404 -477072.7788892431 -3119764.3975376463
IMG_20221126_171434.jpg 0.8011424302660132 0.5982703027673744 -0.014706307298746075 0.005213039395127856 -318420.39883594215 -887830.4720692011 -3019835.659714429
IMG_20221126_171436.jpg 0.8332839119350262 0.5527704037206719 -0.007295557829168217 -0.005438539942526907 -403118.8809407756 -1213383.0807072714 -2893827.565936031
IMG_20221126_171441.jpg 0.7202551173635229 0.6908643620018415 0.042031295528290456 -0.046608683994079615 -789869.4544965385 -125219.51642341676 -3060957.530234935
IMG_20221126_171443.jpg 0.7737673863186099 0.6307986342698861 0.03427932424804737 -0.04692592888809986 -760975.9981430892 -615189.3367496799 -3008569.821218549
IMG_20221126_171445.jpg 0.8112157521323364 0.5823656412185494 0.033311366258650055 -0.04086093854107719 -727644.6326458458 -988079.9457278973 -2916035.9847389827
IMG_20221126_171450.jpg 0.6835094137972728 0.7245806237377809 0.06652252580780617 -0.05807369899039234 -945499.4798886131 171423.17288667493 -3014245.700194512
IMG_20221126_171452.jpg 0.7540625975902931 0.6538898204614892 0.044890887241803755 -0.042455975490671344 -782186.2470337285 -441122.49449668307 -3033583.37624971
IMG_20221126_171455.jpg 0.7988750267031329 0.5984241885207363 0.03365910486942993 -0.050539558394939385 -776948.8680417468 -858322.3895405887 -2944259.716144626
IMG_20221126_171500.jpg 0.7154977569723635 0.688453778885543 0.07964979274051573 -0.08803558724814378 -1128319.2735479532 -108180.63581371722 -2953679.6188528743
IMG_20221126_171502.jpg 0.7688165686146023 0.6316068166973557 0.05304213494648006 -0.08473750554164951 -1011244.6732228332 -563968.2318691799 -2944206.9900309476
IMG_20221126_171504.jpg 0.8038455554915572 0.5878720791390403 0.0327215553472596 -0.0846642858640367 -941369.0847163855 -885059.6734964894 -2887823.308877916
IMG_20221126_171508.jpg 0.7144616511388402 0.6719542149050169 0.13451738379808068 -0.1411635773826396 -1570012.1594487268 -170786.58327455985 -2741336.5099334517
IMG_20221126_171510.jpg -0.17733143587941003 -0.42565435008040114 -0.5755101585977834 0.6753961751870764 -2059383.3625849183 761916.3626059318 2277599.460438649
IMG_20221126_171514.jpg 0.6579982231334478 0.5403280185676989 0.3957859840029949 -0.3441473893126471 -2943545.660861998 -552317.0700657875 -1019490.6081526529
IMG_20221126_171518.jpg 0.7366554257782872 0.6745254775740936 -0.03343986543811014 0.035155926589019615 -94045.43082497761 -277420.769259481 -3150112.481793377
IMG_20221126_171521.jpg 0.7876622900086238 0.6019387023447609 0.06528112566859343 -0.11400127257762399 -1196498.977075167 -742084.7976653893 -2833149.347243845
IMG_20221126_171526.jpg 0.7464098397990078 0.6594019290505015 0.047116262234843616 -0.07642973798668966 -946683.7294976992 -351677.1173586194 -2998191.6560585937
IMG_20221126_171532.jpg 0.771073534220002 0.6349000336387698 0.023422914894918868 -0.042413667240522104 -696794.2755493828 -582619.2908713914 -3030524.2493013083
IMG_20221126_171534.jpg 0.8025419109511976 0.5923706755167959 0.015635012088476185 -0.06913038660074232 -802399.8424770233 -868811.7956446443 -2934342.1654005433
IMG_20221126_171539.jpg 0.7798312124339494 0.6149601052215646 0.051517730258384256 -0.10503938579743466 -1102098.8014289238 -655162.1905764113 -2892263.3915625066
IMG_20221126_171541.jpg 0.8084090653596882 0.576424915951628 0.04426303824857957 -0.11067918846576137 -1110430.9886111221 -924704.294833206 -2814411.613489996
IMG_20221126_171546.jpg 0.7804345322243645 0.6195091152953677 0.021883842432378058 -0.08155669450194306 -878955.8793112079 -647529.3518754039 -2969376.410300712
IMG_20221126_171551.jpg 0.7732487763082905 0.6128623601756835 0.08163235304255216 -0.14079139304076194 -1376204.4322785202 -609278.4431616697 -2782786.9379270417
IMG_20221126_171556.jpg 0.7558266289589959 0.6309020117111444 0.08807778231762992 -0.1514300592264282 -1442683.9504909618 -448896.1788000901 -2779608.2206929377
IMG_20221126_171601.jpg 0.769276521057762 0.6150609586243412 0.09237659487720912 -0.1462197525790037 -1438770.1674056863 -585091.3600088861 -2756207.443855861
IMG_20221126_171606.jpg 0.7739907395885617 0.606640452272516 0.0991929939075854 -0.15194224776999393 -1489560.4926789957 -637543.0011903209 -2717319.192828492
IMG_20221126_171610.jpg 0.7522974588709808 0.6202370764901352 0.1310083176896189 -0.1794194053589822 -1717795.9316003793 -478657.45946170145 -2613264.111014501
IMG_20221126_171615.jpg 0.7556739036765572 0.6151539258845357 0.14256356611991586 -0.1738339103461949 -1734593.668634863 -538504.2945271524 -2590422.2156858016
IMG_20221126_171619.jpg 0.7430603116979032 0.6311298045763319 0.14181901466104072 -0.17153399090392354 -1722256.9525473376 -423087.09743202315 -2619908.9794394304
IMG_20221126_171624.jpg 0.7523121019344619 0.6198884091423782 0.13674082077034155 -0.17625779253393817 -1724577.4550464172 -493137.25705952017 -2606098.477723654
IMG_20221126_171629.jpg 0.7527589236632779 0.6136144830964375 0.14916060948737175 -0.1859633876787353 -1807725.9726255354 -519148.2831545925 -2543957.3047541883
IMG_20221126_171633.jpg 0.7467819589203136 0.6263719113387846 0.13754462474891527 -0.17622829148469982 -1726880.9691772931 -444396.08529338316 -2613332.5854461766
IMG_20221126_171638.jpg 0.7502530118522663 0.624235025684394 0.13780915345822717 -0.1686999944829107 -1696482.120458094 -481395.37794961734 -2626656.700298063
IMG_20221126_171642.jpg 0.750018342750101 0.6279071372544283 0.1314769436615432 -0.16099355828342996 -1641573.9248732778 -470362.4657079159 -2663290.430156909
IMG_20221126_171647.jpg 0.7455454924919563 0.6154213998729058 0.16264866531716218 -0.1973925805949785 -1899718.600069068 -478821.3649053975 -2484136.922890799
IMG_20221126_171652.jpg 0.7429975634027627 0.6147983819281678 0.15385285509170704 -0.2151903095778121 -1941335.5023284815 -422955.34914788965 -2462004.4220201066
IMG_20221126_171657.jpg 0.7401123908775856 0.5943587489400488 0.1869789156180193 -0.2530023943408323 -2193735.7416652106 -458305.6972950913 -2233076.1033047186
IMG_20221126_171702.jpg 0.7306947585663003 0.5792758374960973 0.22027483753525043 -0.2863628290224661 -2409895.8797715213 -452053.0959942656 -1999301.7063865208
IMG_20221126_171708.jpg 0.7303168227565013 0.5792561217419515 0.21608142773760378 -0.29053141036762475 -2412593.0109300106 -432805.65903728316 -2000310.7957885847
IMG_20221126_171713.jpg 0.7465800251360164 0.538660604648445 0.22501300962668938 -0.3191115237129741 -2534221.9815226537 -584270.4128233409 -1801532.8588351302
IMG_20221126_171717.jpg 0.7364494181043679 0.5121454437293635 0.24542440281943792 -0.36758150326385175 -2731828.138136853 -527855.8720242702 -1505873.537000701
IMG_20221126_171721.jpg 0.7051339833737653 0.5184291669123541 0.2754924781314568 -0.39764451320117333 -2869211.7548134644 -348770.00133604236 -1286526.5018420552
IMG_20221126_171725.jpg 0.7022798287733945 0.5164786925836413 0.27637104168052934 -0.40456377683317546 -2887231.974901197 -323553.5697946686 -1252343.2320503076
IMG_20221126_171729.jpg 0.6682711111393272 0.5097360712098229 0.31685217748044786 -0.43953106528444813 -3022530.490155915 -189055.46242864963 -915271.3742841337
IMG_20221126_171733.jpg 0.70689591437156 0.5167570641286634 0.27598585925045704 -0.396348468410952 -2867170.6904885857 -366102.5635707422 -1286257.4188298779
IMG_20221126_171740.jpg 0.7411031763623513 0.5455005986701065 0.23701483698831405 -0.31147896539508463 -2537908.839483922 -580330.2995956538 -1797604.489325702
IMG_20221126_171744.jpg 0.7012296941021926 0.5066248038470358 0.2981432698291452 -0.4033842025809674 -2922265.1438635346 -400463.5355221166 -1144176.079819162
IMG_20221126_171748.jpg 0.6712283101048334 0.5045159140004999 0.32666865924640254 -0.4338246596266831 -3026281.239821096 -258233.70821663542 -885479.3094178896
IMG_20221126_171754.jpg 0.673777431428656 0.5267570686674293 0.3004639710023519 -0.42222312304727994 -2964215.1029312746 -176742.92838239975 -1091475.3674427085
IMG_20221126_171759.jpg 0.6691364428632405 0.5665628308942358 0.28830198992282585 -0.3848960146428868 -2856799.891492085 -118289.12271730586 -1354188.1436293065
IMG_20221126_171804.jpg 0.7158260218593392 0.5298273394044037 0.2567593324675792 -0.37543407149523117 -2775223.5609986535 -385440.35637804866 -1469247.1425492319
IMG_20221126_171809.jpg 0.7526702176774409 0.5552586824731999 0.19388706682788112 -0.2959444952628797 -2373754.7342287623 -561299.7851369114 -2014781.410851436
IMG_20221126_171815.jpg 0.7508525662920973 0.5585747538944776 0.20054561786401612 -0.28982084666192615 -2369665.7621578854 -568231.0903690308 -2017647.0561478892
IMG_20221126_171819.jpg 0.7563694912608231 0.5388549208647946 0.19655049747799988 -0.31449716833509067 -2447851.3984923675 -589365.7251633612 -1915663.6177071857
IMG_20221126_171824.jpg 0.751444381978279 0.5382981801304912 0.2045556085248219 -0.32206119462382177 -2493742.0267922864 -562960.3116129183 -1863710.7470305837
IMG_20221126_171829.jpg 0.7481554702904669 0.5443756335042602 0.21186846969057396 -0.3146908220337225 -2486590.5351342824 -560557.2579020461 -1873960.9093975236
IMG_20221126_171835.jpg 0.7599411988632251 0.560927514445864 0.17925993351944364 -0.27516463079857123 -2257397.362632065 -601302.4717854292 -2133464.6863481803
IMG_20221126_171840.jpg 0.7792587555340243 0.5649807834227548 0.15237332589040556 -0.22435435329779205 -1978899.0484085374 -747818.4750284952 -2352402.8317959756
IMG_20221126_171847.jpg 0.7866009627485038 0.5626881007535524 0.14081076487348435 -0.2116916511561848 -1890819.577439446 -799869.2158975851 -2407089.312460037
IMG_20221126_171852.jpg 0.8038335443883536 0.5539513118377564 0.105638583809616 -0.18928831617398983 -1684791.4962932172 -912405.0026776546 -2517550.7024607607
IMG_20221126_171856.jpg 0.8025113098755736 0.5621115506431708 0.09698623556146367 -0.1749281917443196 -1591356.981266026 -894288.7769910422 -2583968.1015818473
IMG_20221126_171902.jpg 0.7994696220159876 0.5886056494211646 0.05373980721889061 -0.10725551763512704 -1125287.183128884 -848192.6439235363 -2832551.550797346
IMG_20221126_171906.jpg 0.8217771848651559 0.5674350326410184 -0.003880725033665663 -0.0518139184003558 -651329.0206447442 -1064631.443643296 -2907126.121204562
IMG_20221126_171911.jpg 0.8230024851090073 0.5645645440388795 0.024005372206054552 -0.05794417333796308 -781292.1304233902 -1089321.581239562 -2865660.438197431
IMG_20221126_171915.jpg 0.8391055643060484 0.5438028948483833 -0.010343089126370244 -0.008560608183436128 -409692.0558011 -1271436.2496091607 -2867866.575405748
IMG_20221126_171918.jpg 0.8358085344837219 0.5458729892731501 -0.04927630791651435 0.031915807122564914 -61029.91836854268 -1261413.3950960399 -2900718.4370149956
IMG_20221126_171924.jpg 0.82535339046278 0.5640909814082915 -0.02435456280568764 2.8565155481597342e-05 -313199.23510746955 -1130089.605351056 -2938341.730948858
IMG_20221126_171928.jpg 0.8291588244102209 0.5561234877586828 -0.03750989570444187 0.042606548675300615 -44803.00472713876 -1197265.364483486 -2928070.948637774
IMG_20221126_171934.jpg 0.8364346000390808 0.5421976315076494 -0.03692113126231725 0.07096279526109509 103273.73982311397 -1292952.6043733852 -2885595.9846533746
IMG_20221126_171939.jpg 0.8554069784290586 0.5111088990255939 -0.02645118241819597 0.07966761914600447 118186.62977563919 -1502493.931434393 -2781656.450302539
IMG_20221126_171943.jpg 0.8454404036675218 0.5079890978322225 -0.05901996862483218 0.15392934623919613 626707.9612823281 -1449993.6813323097 -2741136.2476471746
IMG_20221126_171947.jpg 0.8109541544714978 0.5787110057685463 -0.04543235316869229 0.07336778879951839 144384.89944556257 -1028976.9514374742 -2988215.960709559
IMG_20221126_171952.jpg 0.7129137731175922 0.606836343227088 -0.22005632884122345 0.27400514005203924 1763030.0020233006 -405112.76529308234 -2595513.1480050976
IMG_20221126_171959.jpg 0.7729159371707639 0.5381411695577609 -0.1935202574730878 0.2748725989290215 1677520.1545276034 -933023.9061296962 -2514856.1439828184
IMG_20221126_172001.jpg 0.8480149160920247 0.43650492527404144 -0.12718472989987029 0.27232002639768715 1470161.4742344934 -1617243.405716594 -2287410.9835153627
IMG_20221126_172011.jpg 0.7287201496763068 0.6321134658256595 -0.19551951211963356 0.17655489276175287 1238764.02379317 -438743.2961662058 -2877861.038883496
IMG_20221126_172013.jpg 0.4918325879161884 0.5268595122281571 -0.5101445120797596 0.469331798020629 3120284.0893018856 16941.517609051 -522238.13566762314
IMG_20221126_172019.jpg 0.8372871423781406 0.5365903229796349 -0.05079924273718908 0.09187221250294271 262684.577961569 -1317817.1505197557 -2864172.0098789455
IMG_20221126_172026.jpg 0.8045209564503044 0.3634283175493202 -0.18453243106148745 0.4319880444203234 2378855.7650783467 -1362374.9939333897 -1579275.465402315
IMG_20221126_172038.jpg 0.6335762803099867 0.5853022344213472 -0.3430475338911677 0.3719150183860918 2544061.9994166424 -147731.6334171204 -1874855.105222291
IMG_20221126_172043.jpg -0.3649503539494383 -0.22021082819141422 -0.5416811662390791 0.7244997891244015 -2153623.556757518 576834.1741136035 2244669.578405803
IMG_20221126_172048.jpg 0.7513966092254261 0.4994431736682402 0.3066424765514236 0.30319967594827474 217407.842519388 -1300436.5615334164 -2875893.8074126528
IMG_20221126_172052.jpg 0.7150906696019113 -0.024268587030623855 -0.08551018464760861 -0.6933573236458669 -3134640.710557147 277858.3707642131 -325631.3632379078
IMG_20221126_172054.jpg 0.624577371975925 0.5631679762011607 0.13963083796659112 0.5227314473856377 1389814.4035008345 243335.3067034991 -2831661.2242292096
IMG_20221126_172057.jpg 0.7645005567405758 0.4724842472817329 -0.2513548053653191 0.35933034471600955 2223493.062469372 -1051423.8952518245 -1989914.1991455406
IMG_20221126_172059.jpg 0.7937615920901299 0.4211560897339402 -0.22851967877307466 0.3746316049347824 2224597.2650515335 -1304986.1375325485 -1832306.8556374523
IMG_20221126_172101.jpg 0.8315266807816355 0.4164396657919122 -0.18335851400630182 0.31862366397491204 1850324.584517546 -1563459.896095427 -2034960.2933744018
IMG_20221126_172103.jpg 0.7425463684857128 0.35523030866340244 -0.27653797298513927 0.49594663821106233 2785991.177466247 -1018474.4039584196 -1100062.0647097696
IMG_20221126_172105.jpg 0.5918914080268226 0.32834205096074026 -0.36103898369689785 0.64148804425806 3160746.9089240385 -87668.56778828701 -105647.88831172076
IMG_20221126_172108.jpg 0.5206864538784207 0.39161378238864125 -0.4619853422988062 0.6017423083777911 3162599.113376466 -8885.379765352016 84018.88874836873
IMG_20221126_172111.jpg -0.09370251366831252 -0.30716204295999827 -0.6267807499555335 0.7099416946355938 -1308400.284547391 516642.32479423744 2833807.506933228
